BF = 100;
J = 9E-4;