m = 10;
g = 9.81;
Rd = 0.0625;
v0 = 10;
